sample	Signature_1	Signature_2	Signature_3	Signature_5	Signature_6	Signature_8	Signature_13	Signature_17	Signature_18	Signature_20	Signature_26	Signature_30	unassigned
2020_002T	68.58833615637838	0	147.9343589727381	145.76822251520133	0	0	0	0	0	0	0	0	70.7090823556822
2020_003T	637.4549414964192	0	1569.4204799289319	0	0	761.6657483933527	0	0	0	0	310.10544721608153	0	464.3533829652147
2020_005T	329.8927560834071	0	372.2791164942886	0	0	140.4149790005544	0	0	0	0	167.61544096210255	0	59.79770745964731
2020_006T	222.35972796487573	0	252.27431377615693	0	0	0	0	0	0	0	112.46400685939385	0	218.90195139957348
2020_007T	410.2724229958875	0	380.3352968202954	393.0882156017291	0	0	0	0	0	0	169.2578228080127	0	344.04624177407527
2020_008T	121.69073484234184	0	323.4140325930174	0	0	0	0	0	0	0	94.43813309766782	0	146.45709946697298
2020_009T	180.11889927777798	0	661.8899020516644	392.80553627396193	0	0	0	0	0	0	303.1363690531624	0	108.04929334343319
2020_012T	267.9143883249291	719.0112199253413	405.5672818710851	0	0	283.44706232662963	516.5433474733027	0	0	0	0	0	314.51670007871235
2020_013T	182.43256474652878	0	0	457.0907344445951	0	0	0	0	0	0	0	0	423.4767008088761
2020_014T	610.2654258103894	2464.584833482928	1016.1858873890486	0	0	0	1987.9487154524923	0	0	0	0	0	1409.0151378651417
2020_015T	0	265.46033356742635	185.45294417086927	281.2274576097061	0	0	268.11746587771574	0	0	0	0	0	214.74179877428253
2020_017T	534.9730364735963	0	721.4592500020544	0	0	305.2396883044303	0	0	0	0	311.8432848016647	0	236.4847404182542
2020_018T	0	0	3484.2951362108415	0	0	4693.322119844046	763.9040180505	0	0	0	0	0	1673.4787258946126
2020_019T	216.5216128577377	0	314.1960483725644	260.6303983051424	0	0	0	0	0	0	132.7651518427432	0	51.88678862181223
2020_021T	339.53726461259316	139.35603016058036	399.96786564477264	0	0	0	120.02969466780621	0	0	0	242.1307507643451	0	243.97839414990244
2020_022T	756.2992229175318	0	510.57260571568656	451.273340493674	0	0	0	0	501.0310105471667	0	269.3219110939777	0	535.501909231963
2020_023T	489.3826230749263	0	219.42058629702757	0	0	284.2380612950859	0	0	0	0	133.56818919465059	0	262.3905401383097
2020_024T	279.42056378886844	0	0	583.8897725566906	0	173.29151044807674	0	0	0	0	0	0	201.3981532063642
2020_027T	235.81248270042943	0	186.27012765565172	387.3745751623137	0	221.08338728407665	0	0	0	0	0	0	122.45942719752838
2020_028T	507.0929250312655	112.58547705029537	347.09847698979496	0	0	0	0	0	0	0	0	0	509.2231209286442
2020_029T	198.32398638603343	0	205.923184901696	251.64030746601935	0	0	0	0	0	0	0	0	221.11252124625116
2020_030T	917.531570894326	0	631.846147618479	543.8212768023727	0	0	0	0	447.2050947063968	0	372.7321432596904	0	404.86376671873495
2020_032T	739.2939328703693	0	1217.732143959679	0	0	798.9388669917834	0	0	0	0	353.3251912876869	0	333.70986489048164
2020_033T	239.46318775438743	0	464.7836477709202	399.98886537724053	0	0	0	0	0	0	0	0	416.76429909745184
2020_034T	472.98255800344054	0	508.9492397558232	378.23574238417973	0	0	0	0	0	0	0	0	355.8324598565564
2020_035T	329.44749813305197	0	0	475.2548891687402	0	249.2015586095402	0	0	0	0	0	0	288.09605408866764
2020_037T	1514.5456120549202	0	345.2742206674479	342.60017759956037	0	0	0	0	0	0	0	0	395.5799896780718
2020_039T	399.75858808932094	0	392.8725716106321	371.5279800033127	0	0	0	0	0	0	150.87771978542042	0	298.9631405113139
2020_040T	245.17812499549575	0	316.2597306470974	273.5538107500844	0	169.4321669031641	0	0	0	0	126.28930033628747	0	51.28686636787097
2020_041T	352.08051358172827	0	351.38977734222294	360.58065054953613	0	202.8709454133989	0	0	0	0	246.24777015659322	0	107.83034295652055
2020_042T	541.0558384205285	0	380.03352446595716	324.6485954306948	0	0	0	0	0	0	165.03574813891004	0	225.22629354390938
2020_043T	605.3108935179393	0	2361.736158948467	0	0	1010.700259491486	0	0	0	0	536.1325463193518	0	449.12014172275576
2020_044T	455.32716766712423	0	667.8460116423015	1078.6494415160814	0	0	0	0	0	0	630.0866691280028	0	328.09071004649013
2020_045T	343.4971471613396	0	321.2643517050734	504.13717843643735	0	277.1372071504025	0	0	0	0	218.89127948528574	0	108.07283606146143
2020_047T	381.12779499748547	0	677.7353677570904	788.6465049541268	0	0	0	0	0	0	278.8901848473835	0	235.60014744391356
2020_049T	0	3478.5182721621895	0	562.4004675588931	0	0	0	0	0	0	0	0	802.0812602789174
2020_050T	279.57091703255696	0	1005.298760503905	0	0	510.39653229997396	0	0	0	0	238.4551553898882	0	165.278634773676
2020_051T	384.88491558415706	0	368.8951922554161	0	0	165.5672528110735	0	0	0	0	240.01393930943715	0	88.63870003991633
2020_053T	479.97211845280657	0	290.69749807022737	306.6181869225914	0	0	119.10317933527872	0	0	0	0	0	215.6090172190959
2020_055T	460.1140049986112	0	0	546.4809566461637	0	0	0	0	0	0	158.39213183311267	0	468.0129065221124
2020_056T	0	3536.341457987648	0	0	0	0	1039.7661205720524	0	0	0	0	0	1260.8924214402996
2020_057T	402.7773827241053	0	1943.8205880629775	0	0	894.6301664538227	0	0	0	0	311.3533728391013	0	245.41848991999314
2020_058T	368.0194216730567	0	190.8081802970015	484.23724756759987	0	0	0	0	0	0	0	0	309.9351504623419
2020_059T	346.98489301309223	0	292.4323964182443	0	0	0	0	0	0	0	211.9672430353058	0	323.6154675333577
2020_060T	373.69051014357484	0	668.3673777611367	0	0	0	0	0	0	0	251.06141982875255	0	235.8806922665358
2020_061T	286.0473974660165	0	1785.0798412565541	0	0	0	0	0	0	0	211.94948665539084	0	405.92327462203866
2020_062T	753.718446736449	0	726.9749534712535	0	0	0	0	0	215.0610536879176	0	507.5609263591699	0	447.68461974521006
2020_063T	482.9484361777219	112.49256411312199	397.48492885907274	0	0	185.22345439753923	0	0	0	0	234.10933713763535	0	169.74127931490875
2020_064T	423.6466636329286	0	245.64682989581019	328.3089192449298	0	247.5692763038598	0	0	0	0	195.79564893567405	0	73.03266198679762
2020_065T	643.2546517649005	0	1458.5670634781422	0	0	0	0	0	0	0	382.93052132279024	0	299.24776343416715
2020_066T	510.58503865097646	0	652.7759832069628	1057.5709515334465	0	417.0003022382607	371.23533673054806	0	0	0	417.4870881695027	0	94.34529947030296
2020_067T	744.342079189355	0	342.7595551492449	605.7967204322342	0	410.0025538566449	0	0	0	0	322.86100092887045	0	107.23809044365044
2020_068T	601.7314232434303	0	226.4909577857929	0	0	282.29573276560836	0	0	0	0	213.86576196831007	0	134.61612423685847
2020_069T	1131.4643521987548	747.8903356135696	838.5604061270587	0	0	868.2891968890199	686.574569273715	0	1373.1063661929834	0	0	0	240.11477370489865
2020_071T	0	1600.6922846111956	573.1579535363985	0	0	0	1989.6948380790814	0	0	0	0	0	844.4549237733245
2020_072T	61.675542496163516	0	0	173.11345110119865	0	0	0	0	0	0	0	0	73.21100640263785
2020_073T	329.0978888021225	937.3305055736173	0	0	0	367.31238093620755	1927.0366770950602	0	0	0	0	0	991.2225475929927
2020_074T1	329.0321151444091	69.47263489967244	187.5928413002094	0	0	0	85.10597915234811	0	0	0	0	0	252.79642950336097
2020_075T	434.0310049569823	0	3318.7010662338216	0	0	526.4737943165469	0	0	0	0	353.84926298894277	0	210.94487150370605
2020_076T	495.29197720575473	0	800.2153098591584	0	0	0	0	0	0	0	296.208255930977	0	604.2844570041098
2020_077T	1121.348139571685	0	283.042221170212	0	0	394.3704148390626	0	0	0	0	213.73915052111641	0	304.50007389792404
2020_078T	190.14479431013248	0	194.99134725909732	199.0868210311021	0	0	71.71343757942009	0	0	0	111.5166683945024	0	50.54693142574558
2020_079T	247.08496163124113	0	167.28038108263547	0	0	107.97448660496102	0	0	0	0	0	0	201.6601706811624
2020_080T	156.78707000057727	0	256.5074107225307	187.31583013289662	0	0	0	0	0	0	119.62028753380332	0	95.76940161019206
2020_081T	785.7790766375167	243.65234242182825	418.46746786932647	293.21005432652066	0	0	0	0	0	0	235.47051864580538	0	184.42054009900244
2020_082T	603.4262321449894	0	311.15074521598785	430.43201175901424	0	0	0	0	0	0	0	0	411.9910108800086
2020_083T	344.94998430187366	0	288.87863044836	278.35479166737133	0	0	0	0	0	0	146.02373665031536	0	154.79285693207976
2020_086T	711.6158300491018	0	540.9559033809801	589.1487994694055	0	0	0	0	0	0	252.62267225255442	0	302.6567948479583
2020_087T	0	0	822.3833871283308	0	0	208.81716533493707	0	0	0	0	135.32424442796662	0	343.4752031087655
2020_089T	946.0227274620979	0	946.909677129226	777.3439138172494	0	0	227.9242061268003	0	0	0	0	0	781.7994754646265
2020_090T	338.6191135017479	0	203.1840094783443	310.1001422645487	0	333.06820266061254	0	0	0	0	164.935103056782	0	53.0934290379646
2020_091T	713.2357731902976	0	310.9369231363122	315.64092874379514	0	0	0	0	0	0	163.39854918964323	0	217.7878257399518
2020_093T	0	0	3641.462890067859	0	0	2994.1736231354375	0	0	0	0	656.9150285321566	0	740.4484582645473
2020_094T	113.3490881699936	0	157.17916066637574	0	0	0	0	0	0	0	0	0	269.47175116363064
2020_096T	603.6436496139534	0	550.555379423754	0	0	277.8285542930656	0	0	0	0	321.422405846242	0	182.5500108229851
2020_102T	469.49836565503995	0	982.9063087560618	0	0	459.3947398558404	0	0	0	0	347.67435216855245	0	647.5262335645057
2020_103T	369.8365262477677	0	153.882922074231	0	0	0	0	0	0	0	0	0	209.2805516780013
2020_104T	121.03913651612072	0	180.69522216346	0	0	0	0	0	0	0	93.59269297594881	0	158.67294834447046
2020_105T	0	0	3747.3329445221125	0	0	4426.810323775548	0	0	0	0	0	0	856.8567317023399
2020_106T	374.03379601668735	0	0	409.1398611858384	0	284.2645997891825	0	0	0	0	155.7022676309778	0	137.85947537731386
2020_107T	454.516785787751	0	222.27778325786042	664.7696376606968	0	182.67079817715393	0	0	0	0	0	0	129.76499511653788
2020_108T	109.497203771616	0	0	182.7705743887062	0	103.22801775480778	0	0	0	0	85.38293148816882	0	106.1212725967012
2020_109T	518.9655930354193	0	1025.7719892990003	473.652847480647	0	0	0	0	0	0	728.9609542401562	0	94.64861594477725
2020_110T	421.77169734488825	0	232.74806195820273	0	0	171.68947155165287	0	0	0	0	398.71140741270546	0	189.07936173255075
2020_111T	283.20438661747767	0	189.94657623518387	0	0	0	0	0	0	0	0	0	240.84903714733844
2020_112T	494.1083856787593	0	411.5074416172708	357.79388969195725	0	0	128.0789124982485	0	146.9511855141057	0	0	0	247.56018499965853
2020_113T	552.6131367431524	1825.6173813000867	407.67070949238274	0	0	0	390.618196000449	0	0	0	0	0	360.4805764639291
2020_116T	639.9420953392944	1962.7381441517855	0	0	0	0	3972.43196181245	0	0	0	0	0	806.8877986964699
2020_118T1	580.2189865234624	0	459.6985280754192	668.4725580686442	0	0	0	0	0	0	297.6136864381765	0	48.9962408942979
2020_118T2	610.026478512725	0	633.4361615922946	0	0	0	0	0	0	0	310.1850873421363	0	376.35227255284417
2020_120T	261.56153287744246	0	514.6707321223217	223.26357718665435	0	0	0	0	0	0	158.43209665710197	0	56.07206115647955
2020_122T	505.6727995230256	0	239.1074220026568	0	0	261.62193551537536	0	0	0	0	145.62467050024895	0	279.97317245869317
2020_123T	279.1034719970955	0	289.93704764099084	199.29586615903824	0	0	0	0	0	0	129.660737371839	0	93.00287683103647
2020_126T	278.9912980829346	0	170.54358434375993	377.4657199286979	0	0	0	0	0	0	0	0	203.9993976446076
2020_127T	365.8801084812907	0	1459.7215656201492	1552.524895196103	0	0	0	0	0	0	1938.207654743642	0	124.66577595881517
2020_128T	306.53154787813935	115.35556421939472	471.3550793785213	228.2668648034268	0	0	127.76618640663948	0	0	0	0	0	170.7247573138784
2020_130T	640.5640870091278	0	0	0	0	188.66936399445171	0	0	366.97971450043065	0	188.44396188810455	0	434.3428726078853
2020_131T	377.542189442372	0	272.6870860660319	429.1140261329542	0	0	0	0	0	0	188.97664177030066	0	234.68005658834136
2020_132T	291.30115276163497	0	391.992917509525	320.5243141068168	0	0	0	0	0	0	0	0	168.18161562202317
2020_133T	475.30207531810845	0	0	478.2875894885942	0	316.96958136440537	149.94038268047734	0	0	0	269.84627953913923	0	414.6540916092754
2020_134T	848.1309843755121	0	565.8328110291571	0	0	0	0	0	0	0	281.45392413619857	0	643.5822804591321
2020_135T	219.0883934733253	0	337.2960323439148	297.2262864626942	0	0	0	0	0	0	0	0	234.38928772006568
2020_136T	396.24395425265595	0	323.78449689377646	433.7304134487274	0	0	0	0	0	0	281.36752349329174	0	139.87361191154832
2020_139T	0	0	2737.827502410012	0	0	0	253.22398421607966	0	0	0	305.7396368280914	0	641.2088765458166
2020_141T	235.4359100315644	0	176.68523669478066	0	0	253.02983052322105	0	0	0	0	204.12233005439344	0	304.72669269604046
2020_142T	604.0551222210465	350.5902097339372	558.3195071667458	384.92892913652906	0	0	0	0	0	0	0	0	262.10623174174134
2020_143T	232.61145804775498	0	0	323.5885552936294	0	0	0	0	0	0	0	0	391.7999866586156
2020_146T	269.30573959517983	0	0	267.1208428082697	0	0	0	0	0	0	0	0	323.5734175965505
2020_148T	525.146408853469	0	1127.1439624406012	700.7281833324377	0	0	0	0	0	0	598.6696091989674	0	178.31183617452461
2020_149T	371.5397301268473	0	715.4072023401736	381.74890321964625	0	0	138.19821453880127	0	0	0	265.9499318074811	0	232.1560179670505
2020_150T	459.3286765781871	179.0840263614654	388.3944387560383	0	0	0	399.61652297480657	0	164.6921799287831	0	0	0	593.8841554007195
2020_153T	468.9753270265887	0	3308.5941644404493	0	0	913.2965167985964	0	0	0	0	1259.8325734076911	0	463.30141832667414
2020_154T	663.8258578641921	0	5899.761684870906	0	0	0	0	0	0	0	2515.6713536927014	0	1060.7411035721998
2020_155T	166.54511212299127	0	277.15733827530636	0	0	0	0	0	0	0	0	0	278.29754960170237
2020_156T	721.1507757012578	0	939.1191623211666	0	0	1745.7265182940391	273.5813151588452	0	0	0	0	0	628.4222285246915
2020_159T	547.3934860080349	0	1040.5364603006174	674.3159895406656	0	316.1913645882697	0	0	0	0	642.9034089767533	0	29.659290585659164
2020_160T	614.0415435447223	0	1075.4405733063745	669.693988581404	0	0	0	0	0	0	724.3897074662509	0	367.4341871012484
2020_161T	405.7663543156134	0	1107.0640088695375	448.67293962952124	0	0	0	0	0	0	899.1015978301552	0	215.39509935517253
2020_168T	666.1826567466327	0	988.0764764781093	0	0	0	0	0	0	0	330.5664407308197	0	574.1744260444384
2020_169T	292.97276262418245	0	466.07107666341517	235.9398571997445	0	0	0	0	0	0	133.23644662700116	0	63.77985688565673
2020_170T	248.37215845323993	0	232.59996851660424	0	0	127.9760338608287	0	0	0	0	0	0	337.0518391693272
2020_173T	517.7603462157055	0	1293.546949116765	685.4167477831559	0	0	0	0	0	0	731.4058645878035	0	77.87009229656996
2020_174T	0	0	1160.8408696435854	0	0	1358.4243450566964	244.91355557687888	0	265.48454044994185	0	0	0	620.3366892728973
2020_176T	521.9130663970786	0	511.7053552739143	590.8668900426668	0	262.33975271935896	0	0	0	0	301.3926684809349	0	62.78226708604643
2020_177T	511.88240307854676	0	342.83040157632314	0	0	452.6078556014245	159.92046545218773	0	401.7244080279311	0	303.77563469671264	0	267.25883156687405
2020_179T	594.7173284794351	1711.3307366030426	0	0	0	0	2166.0511899987387	0	0	0	0	0	670.9007449187839
2020_182T	508.64546428157115	0	0	1278.049161695145	0	293.24018878747864	0	0	0	0	0	0	417.0651852358051
2020_183T	343.04096085526965	0	0	0	0	0	0	0	0	0	0	0	480.95903914473035
2020_184T	324.35894673641803	0	281.48330147793973	485.93041643058564	0	0	0	0	0	0	0	0	274.22733535505654
2020_186T	337.30512278367587	0	218.05145450015112	475.6896950044634	0	0	0	0	0	0	0	0	303.9537277117097
2020_187T	345.5387343845026	0	282.50486539603367	431.8226472653006	0	201.00997374783327	0	0	0	0	152.08756937375787	0	138.036209832572
2020_188T	830.7491011338047	0	380.57960077261816	434.9505067801862	0	0	0	0	0	0	0	0	429.7207913133909
2020_189T	505.1095402810031	0	1983.777697775769	0	0	0	1159.0703168809996	0	0	0	0	0	1182.0424450622286
2020_191T	366.7524257135796	0	318.7440263340379	316.09803312281304	0	0	0	0	0	0	0	0	282.4055148295695
2020_192T	670.0470970820004	0	1789.505616283584	682.9284468960801	0	0	0	0	0	0	715.4931382981722	0	330.0257014401632
2020_193T	974.0737776090104	302.55965148074404	877.0463632723902	597.4794656700756	0	0	0	0	0	0	0	0	581.8407419677796
2020_200T	531.4691007412663	0	822.4299365093509	414.44116708687295	0	0	263.24226742067924	0	0	0	0	0	449.4175282418305
